3
3 6 4
376658 390338 474955 885912 156307 267471 
969321 58361 266549 843632 427756 686341 
673397 963573 668848 529773 952991 336722 
3 637 213 829
4 8 997 36 852
5 765 387 922 345 599
5 683 217 342 891 108
2
8 8 15
66890 79616 69974 73808 39998 59549 71845 44568 
35165 47033 62691 20908 5536 65467 66522 37408 
28359 95505 99364 91885 26485 49944 49004 39412 
58782 49514 49663 40042 15422 77398 61124 45141 
50086 13208 39320 30572 35613 47203 50129 16457 
33768 1893 84256 29580 22741 32842 68821 72889 
35340 69901 37804 95035 43104 75792 74553 79955 
62953 96325 45167 85608 62596 2726 53914 64850 
13 55734 16107 56529 58761 33074 99816 5256 97435 75062 64687 26554 77039 39350 
14 52270 58102 33891 32026 22983 6325 46825 93867 75900 82345 57890 5257 96336 69325 
12 64120 79129 30647 57916 82463 44633 88141 17184 23635 7745 42240 31943 
14 24864 6985 14661 21476 63716 72664 9891 65904 53213 97545 6098 79172 16005 84939 
13 33749 14084 7204 80511 72587 3853 24617 46863 25793 40631 33774 54469 67041 
13 54091 17740 72724 95427 50250 13991 71167 54606 55939 36660 84202 16795 79115 
15 47596 95912 23550 97643 68030 55373 95356 43663 34974 28989 24068 65979 41071 60309 57774 
14 31728 95086 47440 58197 7956 86460 56231 52392 31460 65725 69888 76690 7152 66173 
14 61135 51695 97238 65409 78511 6922 39614 98470 75029 45771 9191 56166 77052 46330 
15 25085 64994 67918 48215 6184 50789 73578 78477 64779 68994 66879 9413 70235 15022 6892 
13 85408 91521 89085 85524 30382 11283 86601 40148 39199 12312 73349 57604 3591 
12 47577 63918 92089 121 79765 80817 90664 95220 13696 65963 93809 65742 
15 10096 59398 38620 24542 93951 63734 69288 54029 45107 405 40757 24957 91768 1874 16985 
13 11154 70496 88264 11813 95007 1048 93661 58276 71128 40108 54165 98292 33652 
11 30880 87385 5685 69303 26707 29269 60747 1507 25640 23057 67517 
4
4 4 4
33 43 62 29 
0 8 52 56 
56 19 11 51 
43 5 8 93 
1 35
1 69 
2 17 47 
2 68 80 
3

Solution output:
7869225443
716938431460
26319